1541178970,1.13806,1.13805,1.13806,0
1541179030,1.13816,1.13816,1.13816,0
1541179090,1.13823,1.13822,1.13823,0
1541179150,1.13827,1.13827,1.13828,0
1541179210,1.13828,1.13828,1.13828,0
1541179270,1.13838,1.13838,1.13838,0
1541179330,1.13832,1.13832,1.13832,0
1541179390,1.13836,1.13836,1.13836,0
1541179450,1.13827,1.13827,1.13827,0
1541179510,1.13832,1.13832,1.13832,0
1541179570,1.13822,1.13822,1.13822,0
1541179630,1.13816,1.13816,1.13816,0
1541179690,1.13816,1.13816,1.13817,0
1541179750,1.13817,1.13817,1.13817,0
1541179810,1.13822,1.13822,1.13822,0
1541179870,1.13807,1.13806,1.13807,0
1541179930,1.13802,1.13802,1.13802,0
1541179990,1.13804,1.13804,1.13804,0
1541180050,1.13791,1.13791,1.13791,0
1541180110,1.13792,1.13792,1.13792,0
1541180170,1.13782,1.13782,1.13782,0
1541180230,1.13798,1.13798,1.13798,0
1541180290,1.13807,1.13807,1.13807,0
1541180350,1.13813,1.13813,1.13813,0
1541180410,1.13822,1.13822,1.13822,0
1541180470,1.13828,1.13828,1.13829,0
1541180530,1.13833,1.13833,1.13833,0
1541180590,1.13827,1.13827,1.13827,0
1541180650,1.13827,1.13826,1.13828,0
1541180710,1.13831,1.13831,1.13832,0
1541180770,1.13831,1.13831,1.13831,0
1541180833,1.13837,1.13837,1.13837,0
1541180890,1.13827,1.13826,1.13827,0
1541180950,1.13821,1.13821,1.13822,0
1541181010,1.1383,1.13829,1.1383,0
1541181070,1.1383,1.1383,1.13831,0
1541181130,1.1385,1.1385,1.1385,0
1541181190,1.13837,1.13837,1.13838,0
1541181250,1.13833,1.13832,1.13833,0
1541181310,1.13844,1.13844,1.13844,0
1541181370,1.13857,1.13856,1.13857,0
1541181430,1.13852,1.13852,1.13852,0
1541181490,1.13842,1.13842,1.13842,0
1541181550,1.13836,1.13835,1.13836,0
1541181610,1.13821,1.13821,1.13822,0
1541181670,1.13837,1.13837,1.13838,0
1541181730,1.13827,1.13827,1.13827,0
1541181790,1.13847,1.13846,1.13847,0
1541181850,1.1385,1.13849,1.13851,0
1541181910,1.13842,1.13842,1.13842,0
1541181970,1.13848,1.13848,1.13849,0
1541182030,1.13865,1.13865,1.13865,0
1541182090,1.13857,1.13857,1.13857,0
1541182150,1.13857,1.13857,1.13857,0
1541182211,1.13847,1.13846,1.13847,0
1541182270,1.13831,1.13831,1.13832,0
1541182330,1.13837,1.13837,1.13837,0
1541182390,1.13831,1.13831,1.13832,0
1541182451,1.13837,1.13836,1.13837,0
1541182510,1.13841,1.1384,1.13842,0
1541182570,1.13851,1.13851,1.13852,0
1541182630,1.13852,1.13852,1.13852,0
1541182690,1.13841,1.13841,1.13842,0
1541182750,1.13848,1.13848,1.13848,0
1541182810,1.1385,1.1385,1.1385,0
1541182870,1.13856,1.13855,1.13857,0
1541182930,1.13853,1.13853,1.13853,0
1541182990,1.13837,1.13837,1.13837,0
1541183050,1.1385,1.1385,1.13851,0
1541183110,1.13846,1.13846,1.13846,0
1541183170,1.13851,1.13851,1.13851,0
1541183230,1.13851,1.13851,1.13851,0
1541183290,1.13853,1.13852,1.13853,0
1541183350,1.13875,1.13875,1.13875,0
1541183410,1.13876,1.13876,1.13876,0
1541183470,1.13857,1.13856,1.13857,0
1541183530,1.13847,1.13846,1.13847,0
1541183590,1.13852,1.13852,1.13852,0
1541183650,1.13862,1.13862,1.13862,0
1541183710,1.13864,1.13864,1.13864,0
1541183770,1.13867,1.13866,1.13867,0
1541183830,1.13866,1.13866,1.13866,0
1541183890,1.13884,1.13884,1.13884,0
1541183950,1.13876,1.13876,1.13876,0
1541184010,1.13869,1.13869,1.13869,0
1541184070,1.13864,1.13864,1.13864,0
1541184130,1.13855,1.13855,1.13855,0
1541184190,1.13848,1.13848,1.13848,0
1541184250,1.13828,1.13828,1.13828,0
1541184310,1.13827,1.13827,1.13827,0
1541184370,1.13809,1.13809,1.13809,0
1541184430,1.13816,1.13815,1.13816,0
1541184490,1.13816,1.13815,1.13816,0
1541184550,1.13806,1.13806,1.13806,0
1541184610,1.13807,1.13807,1.13807,0
1541184670,1.1381,1.1381,1.1381,0
1541184730,1.13789,1.13789,1.1379,0
1541184790,1.13801,1.13801,1.13801,0
1541184850,1.13822,1.13822,1.13822,0
1541184910,1.13842,1.13842,1.13842,0
1541184970,1.13853,1.13853,1.13853,0
1541185030,1.13836,1.13836,1.13836,0
1541185090,1.13828,1.13828,1.13828,0
1541185150,1.13841,1.13841,1.13842,0
1541185210,1.13928,1.13928,1.13928,0
1541185270,1.13916,1.13916,1.13917,0
1541185330,1.13911,1.13911,1.13911,0
1541185390,1.13935,1.13935,1.13935,0
1541185450,1.13933,1.13933,1.13933,0
1541185510,1.13912,1.13912,1.13912,0
1541185570,1.13901,1.13901,1.13901,0
1541185630,1.13891,1.13891,1.13891,0
1541185690,1.13899,1.13899,1.13899,0
1541185750,1.13878,1.13878,1.13878,0
1541185810,1.13891,1.13891,1.13891,0
1541185870,1.13886,1.13886,1.13886,0
1541185930,1.13867,1.13867,1.13867,0
1541185990,1.13873,1.13873,1.13873,0
1541186050,1.13881,1.1388,1.13881,0
1541186110,1.13885,1.13885,1.13885,0
1541186170,1.13879,1.13879,1.13879,0
1541186230,1.13888,1.13888,1.13888,0
1541186290,1.13891,1.1389,1.13891,0
1541186350,1.13891,1.13891,1.13891,0
1541186410,1.13898,1.13898,1.13898,0
1541186470,1.13902,1.13901,1.13902,0
1541186530,1.13916,1.13916,1.13917,0
1541186590,1.13917,1.13917,1.13917,0
1541186650,1.13916,1.13916,1.13917,0
1541186710,1.13922,1.13922,1.13922,0
1541186770,1.13922,1.13922,1.13922,0
1541186830,1.13932,1.13932,1.13932,0
1541186890,1.13936,1.13936,1.13936,0
1541186950,1.13937,1.13937,1.13937,0
1541187010,1.13931,1.13931,1.13931,0
1541187070,1.13932,1.13932,1.13932,0
1541187130,1.13932,1.13932,1.13933,0
1541187190,1.13936,1.13936,1.13936,0
1541187250,1.13937,1.13937,1.13937,0
1541187310,1.13938,1.13938,1.13938,0
1541187370,1.13938,1.13938,1.13938,0
1541187430,1.13938,1.13938,1.13938,0
1541187490,1.13937,1.13937,1.13937,0
1541187550,1.13932,1.13932,1.13932,0
1541187610,1.13927,1.13927,1.13927,0
1541187670,1.13935,1.13934,1.13935,0
1541187730,1.13937,1.13937,1.13937,0
1541187790,1.13937,1.13937,1.13937,0
1541187850,1.13937,1.13937,1.13937,0
1541187910,1.13942,1.13942,1.13942,0
1541187970,1.13948,1.13948,1.13948,0
1541188030,1.13938,1.13938,1.13938,0
1541188090,1.13937,1.13937,1.13937,0
1541188150,1.13938,1.13937,1.13938,0
1541188210,1.13947,1.13947,1.13947,0
1541188270,1.13948,1.13947,1.13948,0
1541188330,1.13957,1.13957,1.13957,0
1541188390,1.13952,1.13952,1.13953,0
1541188450,1.13947,1.13947,1.13947,0
1541188510,1.13943,1.13942,1.13943,0
1541188570,1.13946,1.13946,1.13946,0
1541188630,1.13941,1.13941,1.13941,0
1541188690,1.13946,1.13946,1.13946,0
1541188750,1.13947,1.13947,1.13947,0
1541188810,1.13946,1.13946,1.13947,0
1541188870,1.13949,1.13949,1.13949,0
1541188930,1.13953,1.13953,1.13953,0
1541188990,1.13963,1.13963,1.13963,0
1541189050,1.13967,1.13967,1.13967,0
1541189110,1.13967,1.13967,1.13967,0
1541189170,1.13963,1.13963,1.13963,0
1541189230,1.13963,1.13963,1.13963,0
1541189290,1.13956,1.13955,1.13956,0
1541189350,1.13938,1.13937,1.13938,0
1541189410,1.13942,1.13941,1.13942,0
1541189470,1.13944,1.13944,1.13944,0
1541189530,1.13943,1.13942,1.13943,0
1541189590,1.13937,1.13937,1.13937,0
1541189650,1.13942,1.13941,1.13942,0
1541189710,1.13943,1.13942,1.13943,0
1541189770,1.13938,1.13938,1.13939,0
1541189830,1.13938,1.13938,1.13938,0
1541189890,1.13942,1.13942,1.13942,0
1541189950,1.13942,1.13942,1.13942,0
1541190010,1.13939,1.13939,1.1394,0
1541190070,1.13941,1.1394,1.13941,0
1541190130,1.13943,1.13942,1.13943,0
1541190190,1.13947,1.13947,1.13947,0
1541190250,1.13946,1.13946,1.13947,0
1541190310,1.13943,1.13943,1.13943,0
1541190370,1.13946,1.13946,1.13947,0
1541190430,1.13948,1.13948,1.13948,0
1541190490,1.13948,1.13948,1.13948,0
1541190550,1.13946,1.13946,1.13947,0
1541190610,1.13947,1.13947,1.13947,0
1541190670,1.13948,1.13948,1.13948,0
1541190730,1.13948,1.13948,1.13948,0
1541190790,1.13941,1.13941,1.13941,0
1541190850,1.13936,1.13935,1.13936,0
1541190910,1.13929,1.13929,1.13929,0
1541190970,1.13931,1.13931,1.13931,0
1541191030,1.13916,1.13916,1.13916,0
1541191090,1.13916,1.13916,1.13916,0
1541191150,1.13911,1.13911,1.13911,0
1541191210,1.13911,1.13911,1.13911,0
1541191270,1.13911,1.13911,1.13911,0
1541191330,1.13916,1.13916,1.13916,0
1541191390,1.1391,1.1391,1.1391,0
1541191450,1.13911,1.1391,1.13911,0
1541191510,1.13905,1.13904,1.13906,0
1541191570,1.13896,1.13895,1.13897,0
1541191630,1.13898,1.13897,1.13898,0
1541191690,1.13895,1.13895,1.13895,0
1541191750,1.13895,1.13894,1.13896,0
1541191810,1.13888,1.13887,1.13888,0
1541191870,1.13893,1.13892,1.13894,0
1541191930,1.13881,1.1388,1.13882,0
1541191990,1.13882,1.13881,1.13883,0
1541192050,1.13877,1.13877,1.13878,0
1541192110,1.13889,1.13888,1.1389,0
1541192170,1.13875,1.13873,1.13876,0
1541192230,1.13869,1.13868,1.1387,0
1541192290,1.13872,1.13869,1.13875,0
1541192350,1.13877,1.13873,1.13881,0
1541192410,1.13885,1.13859,1.13911,0
1541192470,1.13885,1.13859,1.13911,0
1541192530,1.13885,1.13859,1.13911,0
1541192590,1.13885,1.13859,1.13911,0
1541192650,1.13885,1.13859,1.13911,0
1541192710,1.13885,1.13859,1.13911,0
1541192770,1.13885,1.13859,1.13911,0
1541192830,1.13885,1.13859,1.13911,0
1541192890,1.13885,1.13859,1.13911,0
1541192950,1.13885,1.13859,1.13911,0
1541193010,1.13885,1.13859,1.13911,0
1541193070,1.13885,1.13859,1.13911,0
1541193130,1.13885,1.13859,1.13911,0
1541193190,1.13885,1.13859,1.13911,0
1541193250,1.13885,1.13859,1.13911,0
1541193310,1.13885,1.13859,1.13911,0
1541193370,1.13885,1.13859,1.13911,0
1541193430,1.13885,1.13859,1.13911,0
1541193490,1.13885,1.13859,1.13911,0
1541193550,1.13885,1.13859,1.13911,0
1541193610,1.13885,1.13859,1.13911,0
1541193670,1.13885,1.13859,1.13911,0
1541193730,1.13885,1.13859,1.13911,0
1541193790,1.13885,1.13859,1.13911,0
1541193850,1.13885,1.13859,1.13911,0
1541193910,1.13885,1.13859,1.13911,0
1541193970,1.13885,1.13859,1.13911,0
1541194030,1.13885,1.13859,1.13911,0
1541194090,1.13885,1.13859,1.13911,0
1541194150,1.13885,1.13859,1.13911,0
1541194210,1.13885,1.13859,1.13911,0
1541194270,1.13885,1.13859,1.13911,0
1541194330,1.13885,1.13859,1.13911,0
1541194390,1.13885,1.13859,1.13911,0
1541194450,1.13885,1.13859,1.13911,0
1541194510,1.13885,1.13859,1.13911,0
1541194570,1.13885,1.13859,1.13911,0
1541194630,1.13885,1.13859,1.13911,0
1541194690,1.13885,1.13859,1.13911,0
1541194750,1.13885,1.13859,1.13911,0
1541194810,1.13885,1.13859,1.13911,0
1541194870,1.13885,1.13859,1.13911,0
1541194930,1.13885,1.13859,1.13911,0
1541194990,1.13885,1.13859,1.13911,0
1541195050,1.13885,1.13859,1.13911,0
1541195110,1.13885,1.13859,1.13911,0
1541195170,1.13885,1.13859,1.13911,0
1541195230,1.13885,1.13859,1.13911,0
1541195290,1.13885,1.13859,1.13911,0
1541195350,1.13885,1.13859,1.13911,0
1541195410,1.13885,1.13859,1.13911,0
1541195470,1.13885,1.13859,1.13911,0
1541195530,1.13885,1.13859,1.13911,0
1541195590,1.13885,1.13859,1.13911,0
1541195650,1.13885,1.13859,1.13911,0
1541195710,1.13885,1.13859,1.13911,0
1541195770,1.13885,1.13859,1.13911,0
1541195830,1.13885,1.13859,1.13911,0
1541195890,1.13885,1.13859,1.13911,0
1541195950,1.13885,1.13859,1.13911,0
1541196010,1.13885,1.13859,1.13911,0
1541196070,1.13885,1.13859,1.13911,0
1541196130,1.13885,1.13859,1.13911,0
1541196190,1.13885,1.13859,1.13911,0
1541196250,1.13885,1.13859,1.13911,0
1541196310,1.13885,1.13859,1.13911,0
1541196370,1.13885,1.13859,1.13911,0
1541196430,1.13885,1.13859,1.13911,0
1541196490,1.13885,1.13859,1.13911,0
1541196550,1.13885,1.13859,1.13911,0
1541196610,1.13885,1.13859,1.13911,0
1541196670,1.13885,1.13859,1.13911,0
1541196730,1.13885,1.13859,1.13911,0
1541196790,1.13885,1.13859,1.13911,0
1541196850,1.13885,1.13859,1.13911,0
1541196910,1.13885,1.13859,1.13911,0
1541196971,1.13885,1.13859,1.13911,0
1541197030,1.13885,1.13859,1.13911,0
1541197090,1.13885,1.13859,1.13911,0
1541197150,1.13885,1.13859,1.13911,0
1541197210,1.13885,1.13859,1.13911,0
1541197270,1.13885,1.13859,1.13911,0
1541197330,1.13885,1.13859,1.13911,0
1541197390,1.13885,1.13859,1.13911,0
1541197450,1.13885,1.13859,1.13911,0
1541197510,1.13885,1.13859,1.13911,0
1541197570,1.13885,1.13859,1.13911,0
1541197630,1.13885,1.13859,1.13911,0
1541197690,1.13885,1.13859,1.13911,0
1541197750,1.13885,1.13859,1.13911,0
1541197810,1.13885,1.13859,1.13911,0
1541197870,1.13885,1.13859,1.13911,0
1541197930,1.13885,1.13859,1.13911,0
1541197990,1.13885,1.13859,1.13911,0
1541198050,1.13885,1.13859,1.13911,0
1541198110,1.13885,1.13859,1.13911,0
1541198170,1.13885,1.13859,1.13911,0
1541198230,1.13885,1.13859,1.13911,0
1541198290,1.13885,1.13859,1.13911,0
1541198350,1.13885,1.13859,1.13911,0
1541198410,1.13885,1.13859,1.13911,0
1541198470,1.13885,1.13859,1.13911,0
1541198530,1.13885,1.13859,1.13911,0
1541198590,1.13885,1.13859,1.13911,0
1541198650,1.13885,1.13859,1.13911,0
1541198710,1.13885,1.13859,1.13911,0
1541198770,1.13885,1.13859,1.13911,0
1541198830,1.13885,1.13859,1.13911,0
1541198890,1.13885,1.13859,1.13911,0
1541198950,1.13885,1.13859,1.13911,0
1541199010,1.13885,1.13859,1.13911,0
1541199070,1.13885,1.13859,1.13911,0
1541199131,1.13885,1.13859,1.13911,0
1541199190,1.13885,1.13859,1.13911,0
1541199250,1.13885,1.13859,1.13911,0
1541199310,1.13885,1.13859,1.13911,0
1541199370,1.13885,1.13859,1.13911,0
1541199430,1.13885,1.13859,1.13911,0
1541199490,1.13885,1.13859,1.13911,0
1541199550,1.13885,1.13859,1.13911,0
1541199610,1.13885,1.13859,1.13911,0
1541199670,1.13885,1.13859,1.13911,0
1541199730,1.13885,1.13859,1.13911,0
1541199790,1.13885,1.13859,1.13911,0
1541199850,1.13885,1.13859,1.13911,0
1541199910,1.13885,1.13859,1.13911,0
1541199970,1.13885,1.13859,1.13911,0
1541200030,1.13885,1.13859,1.13911,0
1541200090,1.13885,1.13859,1.13911,0
1541200150,1.13885,1.13859,1.13911,0
1541200210,1.13885,1.13859,1.13911,0
1541200270,1.13885,1.13859,1.13911,0
1541200330,1.13885,1.13859,1.13911,0
1541200390,1.13885,1.13859,1.13911,0
1541200450,1.13885,1.13859,1.13911,0
1541200510,1.13885,1.13859,1.13911,0
1541200571,1.13885,1.13859,1.13911,0
1541200630,1.13885,1.13859,1.13911,0
1541200690,1.13885,1.13859,1.13911,0
1541200750,1.13885,1.13859,1.13911,0
1541200810,1.13885,1.13859,1.13911,0
1541200870,1.13885,1.13859,1.13911,0
1541200930,1.13885,1.13859,1.13911,0
1541200990,1.13885,1.13859,1.13911,0
1541201050,1.13885,1.13859,1.13911,0
1541201110,1.13885,1.13859,1.13911,0
1541201170,1.13885,1.13859,1.13911,0
1541201230,1.13885,1.13859,1.13911,0
1541201290,1.13885,1.13859,1.13911,0
1541201350,1.13885,1.13859,1.13911,0
1541201410,1.13885,1.13859,1.13911,0
1541201470,1.13885,1.13859,1.13911,0
1541201530,1.13885,1.13859,1.13911,0
1541201590,1.13885,1.13859,1.13911,0
1541201650,1.13885,1.13859,1.13911,0
1541201710,1.13885,1.13859,1.13911,0
1541201770,1.13885,1.13859,1.13911,0
1541201830,1.13885,1.13859,1.13911,0
1541201890,1.13885,1.13859,1.13911,0
1541201950,1.13885,1.13859,1.13911,0
1541202010,1.13885,1.13859,1.13911,0
1541202070,1.13885,1.13859,1.13911,0
1541202130,1.13885,1.13859,1.13911,0
1541202190,1.13885,1.13859,1.13911,0
1541202250,1.13885,1.13859,1.13911,0
1541202310,1.13885,1.13859,1.13911,0
1541202370,1.13885,1.13859,1.13911,0
1541202430,1.13885,1.13859,1.13911,0
1541202490,1.13885,1.13859,1.13911,0
1541202550,1.13885,1.13859,1.13911,0
1541202610,1.13885,1.13859,1.13911,0
1541202670,1.13885,1.13859,1.13911,0
1541202730,1.13885,1.13859,1.13911,0
1541202790,1.13885,1.13859,1.13911,0
1541202850,1.13885,1.13859,1.13911,0
1541202910,1.13885,1.13859,1.13911,0
1541202970,1.13885,1.13859,1.13911,0
1541203030,1.13885,1.13859,1.13911,0
1541203090,1.13885,1.13859,1.13911,0
1541203150,1.13885,1.13859,1.13911,0
1541203210,1.13885,1.13859,1.13911,0
1541203270,1.13885,1.13859,1.13911,0
1541203330,1.13885,1.13859,1.13911,0
1541203390,1.13885,1.13859,1.13911,0
1541203450,1.13885,1.13859,1.13911,0
1541203510,1.13885,1.13859,1.13911,0
1541203570,1.13885,1.13859,1.13911,0
1541203630,1.13885,1.13859,1.13911,0
1541203690,1.13885,1.13859,1.13911,0
1541203750,1.13885,1.13859,1.13911,0
1541203810,1.13885,1.13859,1.13911,0
1541203870,1.13885,1.13859,1.13911,0
1541203930,1.13885,1.13859,1.13911,0
1541203990,1.13885,1.13859,1.13911,0
1541204050,1.13885,1.13859,1.13911,0
1541204110,1.13885,1.13859,1.13911,0
1541204170,1.13885,1.13859,1.13911,0
1541204230,1.13885,1.13859,1.13911,0
1541204290,1.13885,1.13859,1.13911,0
1541204350,1.13885,1.13859,1.13911,0
1541204410,1.13885,1.13859,1.13911,0
1541204470,1.13885,1.13859,1.13911,0
1541204530,1.13885,1.13859,1.13911,0
1541204590,1.13885,1.13859,1.13911,0
1541204650,1.13885,1.13859,1.13911,0
1541204710,1.13885,1.13859,1.13911,0
1541204770,1.13885,1.13859,1.13911,0
1541204830,1.13885,1.13859,1.13911,0
1541204890,1.13885,1.13859,1.13911,0
1541204950,1.13885,1.13859,1.13911,0
1541205010,1.13885,1.13859,1.13911,0
1541205070,1.13885,1.13859,1.13911,0
1541205130,1.13885,1.13859,1.13911,0
1541205190,1.13885,1.13859,1.13911,0
1541205250,1.13885,1.13859,1.13911,0
1541205310,1.13885,1.13859,1.13911,0
1541205370,1.13885,1.13859,1.13911,0
1541205430,1.13885,1.13859,1.13911,0
1541205490,1.13885,1.13859,1.13911,0
1541205550,1.13885,1.13859,1.13911,0
1541205610,1.13885,1.13859,1.13911,0
1541205670,1.13885,1.13859,1.13911,0
1541205730,1.13885,1.13859,1.13911,0
1541205790,1.13885,1.13859,1.13911,0
1541205850,1.13885,1.13859,1.13911,0
1541205910,1.13885,1.13859,1.13911,0
1541205970,1.13885,1.13859,1.13911,0
1541206030,1.13885,1.13859,1.13911,0
1541206090,1.13885,1.13859,1.13911,0
1541206150,1.13885,1.13859,1.13911,0
1541206210,1.13885,1.13859,1.13911,0
1541206270,1.13885,1.13859,1.13911,0
1541206330,1.13885,1.13859,1.13911,0
1541206390,1.13885,1.13859,1.13911,0
1541206450,1.13885,1.13859,1.13911,0
1541206510,1.13885,1.13859,1.13911,0
1541206570,1.13885,1.13859,1.13911,0
1541206630,1.13885,1.13859,1.13911,0
1541206690,1.13885,1.13859,1.13911,0
1541206750,1.13885,1.13859,1.13911,0
1541206810,1.13885,1.13859,1.13911,0
1541206870,1.13885,1.13859,1.13911,0
1541206930,1.13885,1.13859,1.13911,0
1541206990,1.13885,1.13859,1.13911,0
1541207050,1.13885,1.13859,1.13911,0
1541207110,1.13885,1.13859,1.13911,0
1541207170,1.13885,1.13859,1.13911,0
1541207230,1.13885,1.13859,1.13911,0
1541207290,1.13885,1.13859,1.13911,0
1541207350,1.13885,1.13859,1.13911,0
1541207410,1.13885,1.13859,1.13911,0
1541207470,1.13885,1.13859,1.13911,0
1541207530,1.13885,1.13859,1.13911,0
1541207590,1.13885,1.13859,1.13911,0
1541207650,1.13885,1.13859,1.13911,0
1541207710,1.13885,1.13859,1.13911,0
1541207770,1.13885,1.13859,1.13911,0
1541207830,1.13885,1.13859,1.13911,0
1541207890,1.13885,1.13859,1.13911,0
1541207950,1.13885,1.13859,1.13911,0
1541208010,1.13885,1.13859,1.13911,0
1541208070,1.13885,1.13859,1.13911,0
1541208130,1.13885,1.13859,1.13911,0
1541208190,1.13885,1.13859,1.13911,0
1541208250,1.13885,1.13859,1.13911,0
1541208310,1.13885,1.13859,1.13911,0
1541208370,1.13885,1.13859,1.13911,0
1541208430,1.13885,1.13859,1.13911,0
1541208490,1.13885,1.13859,1.13911,0
1541208550,1.13885,1.13859,1.13911,0
1541208610,1.13885,1.13859,1.13911,0
1541208670,1.13885,1.13859,1.13911,0
1541208730,1.13885,1.13859,1.13911,0
1541208790,1.13885,1.13859,1.13911,0
1541208850,1.13885,1.13859,1.13911,0
1541208910,1.13885,1.13859,1.13911,0
1541208970,1.13885,1.13859,1.13911,0
1541209030,1.13885,1.13859,1.13911,0
1541209090,1.13885,1.13859,1.13911,0
1541209150,1.13885,1.13859,1.13911,0
1541209210,1.13885,1.13859,1.13911,0
1541209270,1.13885,1.13859,1.13911,0
1541209330,1.13885,1.13859,1.13911,0
1541209390,1.13885,1.13859,1.13911,0
1541209450,1.13885,1.13859,1.13911,0
1541209510,1.13885,1.13859,1.13911,0
1541209570,1.13885,1.13859,1.13911,0
1541209630,1.13885,1.13859,1.13911,0
1541209690,1.13885,1.13859,1.13911,0
1541209750,1.13885,1.13859,1.13911,0
1541209810,1.13885,1.13859,1.13911,0
1541209870,1.13885,1.13859,1.13911,0
1541209930,1.13885,1.13859,1.13911,0
1541209990,1.13885,1.13859,1.13911,0
1541210050,1.13885,1.13859,1.13911,0
1541210110,1.13885,1.13859,1.13911,0
1541210170,1.13885,1.13859,1.13911,0
1541210230,1.13885,1.13859,1.13911,0
1541210290,1.13885,1.13859,1.13911,0
1541210350,1.13885,1.13859,1.13911,0
1541210410,1.13885,1.13859,1.13911,0
1541210470,1.13885,1.13859,1.13911,0
1541210530,1.13885,1.13859,1.13911,0
1541210590,1.13885,1.13859,1.13911,0
1541210651,1.13885,1.13859,1.13911,0
1541210710,1.13885,1.13859,1.13911,0
1541210770,1.13885,1.13859,1.13911,0
1541210830,1.13885,1.13859,1.13911,0
1541210890,1.13885,1.13859,1.13911,0
1541210950,1.13885,1.13859,1.13911,0
1541211010,1.13885,1.13859,1.13911,0
1541211070,1.13885,1.13859,1.13911,0
1541211130,1.13885,1.13859,1.13911,0
1541211190,1.13885,1.13859,1.13911,0
1541211250,1.13885,1.13859,1.13911,0
1541211310,1.13885,1.13859,1.13911,0
1541211370,1.13885,1.13859,1.13911,0
1541211430,1.13885,1.13859,1.13911,0
1541211490,1.13885,1.13859,1.13911,0
1541211550,1.13885,1.13859,1.13911,0
1541211610,1.13885,1.13859,1.13911,0
1541211670,1.13885,1.13859,1.13911,0
1541211730,1.13885,1.13859,1.13911,0
1541211790,1.13885,1.13859,1.13911,0
1541211850,1.13885,1.13859,1.13911,0
1541211910,1.13885,1.13859,1.13911,0
1541211970,1.13885,1.13859,1.13911,0
1541212030,1.13885,1.13859,1.13911,0
1541212090,1.13885,1.13859,1.13911,0
1541212150,1.13885,1.13859,1.13911,0
1541212210,1.13885,1.13859,1.13911,0
1541212271,1.13885,1.13859,1.13911,0
1541212330,1.13885,1.13859,1.13911,0
1541212390,1.13885,1.13859,1.13911,0
1541212450,1.13885,1.13859,1.13911,0
1541212510,1.13885,1.13859,1.13911,0
1541212570,1.13885,1.13859,1.13911,0
1541212630,1.13885,1.13859,1.13911,0
1541212690,1.13885,1.13859,1.13911,0
1541212750,1.13885,1.13859,1.13911,0
1541212810,1.13885,1.13859,1.13911,0
1541212870,1.13885,1.13859,1.13911,0
1541212930,1.13885,1.13859,1.13911,0
1541212990,1.13885,1.13859,1.13911,0
1541213050,1.13885,1.13859,1.13911,0
1541213110,1.13885,1.13859,1.13911,0
1541213170,1.13885,1.13859,1.13911,0
1541213230,1.13885,1.13859,1.13911,0
1541213290,1.13885,1.13859,1.13911,0
1541213350,1.13885,1.13859,1.13911,0
1541213410,1.13885,1.13859,1.13911,0
1541213475,1.13885,1.13859,1.13911,0
1541213531,1.13885,1.13859,1.13911,0
1541213590,1.13885,1.13859,1.13911,0
1541213650,1.13885,1.13859,1.13911,0
1541213710,1.13885,1.13859,1.13911,0
1541213770,1.13885,1.13859,1.13911,0
1541213830,1.13885,1.13859,1.13911,0
1541213890,1.13885,1.13859,1.13911,0
1541213950,1.13885,1.13859,1.13911,0
1541214010,1.13885,1.13859,1.13911,0
1541214070,1.13885,1.13859,1.13911,0
1541214130,1.13885,1.13859,1.13911,0
1541214190,1.13885,1.13859,1.13911,0
1541214250,1.13885,1.13859,1.13911,0
1541214310,1.13885,1.13859,1.13911,0
1541214370,1.13885,1.13859,1.13911,0
1541214430,1.13885,1.13859,1.13911,0
1541214490,1.13885,1.13859,1.13911,0
1541214550,1.13885,1.13859,1.13911,0
1541214610,1.13885,1.13859,1.13911,0
1541214670,1.13885,1.13859,1.13911,0
1541214730,1.13885,1.13859,1.13911,0
1541214790,1.13885,1.13859,1.13911,0
1541214850,1.13885,1.13859,1.13911,0
1541214910,1.13885,1.13859,1.13911,0
1541214970,1.13885,1.13859,1.13911,0
1541215030,1.13885,1.13859,1.13911,0
1541215090,1.13885,1.13859,1.13911,0
1541215151,1.13885,1.13859,1.13911,0
1541215210,1.13885,1.13859,1.13911,0
1541215270,1.13885,1.13859,1.13911,0
1541215330,1.13885,1.13859,1.13911,0
1541215390,1.13885,1.13859,1.13911,0
1541215450,1.13885,1.13859,1.13911,0
1541215510,1.13885,1.13859,1.13911,0
1541215570,1.13885,1.13859,1.13911,0
1541215630,1.13885,1.13859,1.13911,0
1541215690,1.13885,1.13859,1.13911,0
1541215750,1.13885,1.13859,1.13911,0
1541215810,1.13885,1.13859,1.13911,0
1541215870,1.13885,1.13859,1.13911,0
1541215930,1.13885,1.13859,1.13911,0
1541215990,1.13885,1.13859,1.13911,0
1541216050,1.13885,1.13859,1.13911,0
1541216110,1.13885,1.13859,1.13911,0
1541216170,1.13885,1.13859,1.13911,0
1541216230,1.13885,1.13859,1.13911,0
1541216290,1.13885,1.13859,1.13911,0
1541216350,1.13885,1.13859,1.13911,0
1541216410,1.13885,1.13859,1.13911,0
1541216470,1.13885,1.13859,1.13911,0
1541216530,1.13885,1.13859,1.13911,0
1541216590,1.13885,1.13859,1.13911,0
1541216650,1.13885,1.13859,1.13911,0
1541216710,1.13885,1.13859,1.13911,0
1541216770,1.13885,1.13859,1.13911,0
1541216830,1.13885,1.13859,1.13911,0
1541216890,1.13885,1.13859,1.13911,0
1541216950,1.13885,1.13859,1.13911,0
1541217010,1.13885,1.13859,1.13911,0
1541217070,1.13885,1.13859,1.13911,0
1541217130,1.13885,1.13859,1.13911,0
1541217190,1.13885,1.13859,1.13911,0
1541217250,1.13885,1.13859,1.13911,0
1541217310,1.13885,1.13859,1.13911,0
1541217370,1.13885,1.13859,1.13911,0
1541217430,1.13885,1.13859,1.13911,0
1541217490,1.13885,1.13859,1.13911,0
1541217550,1.13885,1.13859,1.13911,0
1541217610,1.13885,1.13859,1.13911,0
1541217670,1.13885,1.13859,1.13911,0
1541217730,1.13885,1.13859,1.13911,0
1541217790,1.13885,1.13859,1.13911,0
1541217850,1.13885,1.13859,1.13911,0
1541217910,1.13885,1.13859,1.13911,0
1541217970,1.13885,1.13859,1.13911,0
1541218030,1.13885,1.13859,1.13911,0
1541218090,1.13885,1.13859,1.13911,0
1541218150,1.13885,1.13859,1.13911,0
1541218270,1.13885,1.13859,1.13911,0
1541218330,1.13885,1.13859,1.13911,0
1541218390,1.13885,1.13859,1.13911,0
1541218450,1.13885,1.13859,1.13911,0
1541218510,1.13885,1.13859,1.13911,0
1541218570,1.13885,1.13859,1.13911,0
1541218630,1.13885,1.13859,1.13911,0
1541218690,1.13885,1.13859,1.13911,0
1541218750,1.13885,1.13859,1.13911,0
1541218810,1.13885,1.13859,1.13911,0
1541218870,1.13885,1.13859,1.13911,0
1541218930,1.13885,1.13859,1.13911,0
1541218991,1.13885,1.13859,1.13911,0
1541219050,1.13885,1.13859,1.13911,0
1541219110,1.13885,1.13859,1.13911,0
1541219170,1.13885,1.13859,1.13911,0
1541219230,1.13885,1.13859,1.13911,0
1541219290,1.13885,1.13859,1.13911,0
1541219350,1.13885,1.13859,1.13911,0
1541219410,1.13885,1.13859,1.13911,0
1541219470,1.13885,1.13859,1.13911,0
1541219530,1.13885,1.13859,1.13911,0
1541219590,1.13885,1.13859,1.13911,0
1541219650,1.13885,1.13859,1.13911,0
1541219710,1.13885,1.13859,1.13911,0
1541219770,1.13885,1.13859,1.13911,0
1541219830,1.13885,1.13859,1.13911,0
1541219890,1.13885,1.13859,1.13911,0
1541219950,1.13885,1.13859,1.13911,0
1541220010,1.13885,1.13859,1.13911,0
1541220070,1.13885,1.13859,1.13911,0
1541220130,1.13885,1.13859,1.13911,0
1541220190,1.13885,1.13859,1.13911,0
1541220250,1.13885,1.13859,1.13911,0
1541220310,1.13885,1.13859,1.13911,0
1541220370,1.13885,1.13859,1.13911,0
1541220430,1.13885,1.13859,1.13911,0
1541220490,1.13885,1.13859,1.13911,0
1541220550,1.13885,1.13859,1.13911,0
1541220610,1.13885,1.13859,1.13911,0
1541220670,1.13885,1.13859,1.13911,0
1541220730,1.13885,1.13859,1.13911,0
1541220790,1.13885,1.13859,1.13911,0
1541220850,1.13885,1.13859,1.13911,0
1541220910,1.13885,1.13859,1.13911,0
1541220970,1.13885,1.13859,1.13911,0
1541221030,1.13885,1.13859,1.13911,0
1541221090,1.13885,1.13859,1.13911,0
1541221150,1.13885,1.13859,1.13911,0
1541221210,1.13885,1.13859,1.13911,0
1541221270,1.13885,1.13859,1.13911,0
1541221330,1.13885,1.13859,1.13911,0
1541221390,1.13885,1.13859,1.13911,0
1541221450,1.13885,1.13859,1.13911,0
1541221510,1.13885,1.13859,1.13911,0
1541221570,1.13885,1.13859,1.13911,0
1541221630,1.13885,1.13859,1.13911,0
1541221690,1.13885,1.13859,1.13911,0
1541221750,1.13885,1.13859,1.13911,0
1541221810,1.13885,1.13859,1.13911,0
1541221870,1.13885,1.13859,1.13911,0
1541221930,1.13885,1.13859,1.13911,0
1541221990,1.13885,1.13859,1.13911,0
1541222050,1.13885,1.13859,1.13911,0
1541222110,1.13885,1.13859,1.13911,0
1541222170,1.13885,1.13859,1.13911,0
1541222230,1.13885,1.13859,1.13911,0
1541222290,1.13885,1.13859,1.13911,0
1541222350,1.13885,1.13859,1.13911,0
1541222410,1.13885,1.13859,1.13911,0
1541222470,1.13885,1.13859,1.13911,0
1541222530,1.13885,1.13859,1.13911,0
1541222590,1.13885,1.13859,1.13911,0
1541222650,1.13885,1.13859,1.13911,0
1541222710,1.13885,1.13859,1.13911,0
1541222770,1.13885,1.13859,1.13911,0
1541222830,1.13885,1.13859,1.13911,0
1541222890,1.13885,1.13859,1.13911,0
1541222950,1.13885,1.13859,1.13911,0
1541223010,1.13885,1.13859,1.13911,0
1541223070,1.13885,1.13859,1.13911,0
1541223130,1.13885,1.13859,1.13911,0
1541223190,1.13885,1.13859,1.13911,0
1541223250,1.13885,1.13859,1.13911,0
1541223310,1.13885,1.13859,1.13911,0
1541223370,1.13885,1.13859,1.13911,0
1541223430,1.13885,1.13859,1.13911,0
1541223490,1.13885,1.13859,1.13911,0
1541223550,1.13885,1.13859,1.13911,0
1541223610,1.13885,1.13859,1.13911,0
1541223670,1.13885,1.13859,1.13911,0
1541223730,1.13885,1.13859,1.13911,0
1541223790,1.13885,1.13859,1.13911,0
1541223850,1.13885,1.13859,1.13911,0
1541223910,1.13885,1.13859,1.13911,0
1541223970,1.13885,1.13859,1.13911,0
1541224030,1.13885,1.13859,1.13911,0
1541224090,1.13885,1.13859,1.13911,0
1541224150,1.13885,1.13859,1.13911,0
1541224210,1.13885,1.13859,1.13911,0
1541224270,1.13885,1.13859,1.13911,0
1541224330,1.13885,1.13859,1.13911,0
1541224390,1.13885,1.13859,1.13911,0
1541224450,1.13885,1.13859,1.13911,0
1541224510,1.13885,1.13859,1.13911,0
1541224570,1.13885,1.13859,1.13911,0
1541224630,1.13885,1.13859,1.13911,0
1541224690,1.13885,1.13859,1.13911,0
1541224750,1.13885,1.13859,1.13911,0
1541224810,1.13885,1.13859,1.13911,0
1541224870,1.13885,1.13859,1.13911,0
1541224930,1.13885,1.13859,1.13911,0
1541224990,1.13885,1.13859,1.13911,0
1541225050,1.13885,1.13859,1.13911,0
1541225110,1.13885,1.13859,1.13911,0
1541225170,1.13885,1.13859,1.13911,0
1541225230,1.13885,1.13859,1.13911,0
1541225290,1.13885,1.13859,1.13911,0
1541225351,1.13885,1.13859,1.13911,0
1541225410,1.13885,1.13859,1.13911,0
1541225470,1.13885,1.13859,1.13911,0
1541225530,1.13885,1.13859,1.13911,0
1541225590,1.13885,1.13859,1.13911,0
1541225650,1.13885,1.13859,1.13911,0
1541225710,1.13885,1.13859,1.13911,0
1541225771,1.13885,1.13859,1.13911,0
1541225830,1.13885,1.13859,1.13911,0
1541225890,1.13885,1.13859,1.13911,0
1541225950,1.13885,1.13859,1.13911,0
1541226010,1.13885,1.13859,1.13911,0
1541226070,1.13885,1.13859,1.13911,0
1541226130,1.13885,1.13859,1.13911,0
1541226190,1.13885,1.13859,1.13911,0
1541226250,1.13885,1.13859,1.13911,0
1541226310,1.13885,1.13859,1.13911,0
1541226370,1.13885,1.13859,1.13911,0
1541226430,1.13885,1.13859,1.13911,0
1541226490,1.13885,1.13859,1.13911,0
1541226550,1.13885,1.13859,1.13911,0
1541226610,1.13885,1.13859,1.13911,0
1541226670,1.13885,1.13859,1.13911,0
1541226730,1.13885,1.13859,1.13911,0
1541226790,1.13885,1.13859,1.13911,0
1541226850,1.13885,1.13859,1.13911,0
1541226910,1.13885,1.13859,1.13911,0
1541226970,1.13885,1.13859,1.13911,0
1541227030,1.13885,1.13859,1.13911,0
1541227090,1.13885,1.13859,1.13911,0
1541227150,1.13885,1.13859,1.13911,0
1541227210,1.13885,1.13859,1.13911,0
1541227270,1.13885,1.13859,1.13911,0
1541227330,1.13885,1.13859,1.13911,0
1541227390,1.13885,1.13859,1.13911,0
1541227450,1.13885,1.13859,1.13911,0
1541227510,1.13885,1.13859,1.13911,0
1541227571,1.13885,1.13859,1.13911,0
1541227630,1.13885,1.13859,1.13911,0
1541227690,1.13885,1.13859,1.13911,0
1541227750,1.13885,1.13859,1.13911,0
1541227810,1.13885,1.13859,1.13911,0
1541227870,1.13885,1.13859,1.13911,0
1541227931,1.13885,1.13859,1.13911,0
1541227990,1.13885,1.13859,1.13911,0
1541228050,1.13885,1.13859,1.13911,0
1541228110,1.13885,1.13859,1.13911,0
1541228170,1.13885,1.13859,1.13911,0
1541228230,1.13885,1.13859,1.13911,0
1541228290,1.13885,1.13859,1.13911,0
1541228350,1.13885,1.13859,1.13911,0
1541228410,1.13885,1.13859,1.13911,0
1541228470,1.13885,1.13859,1.13911,0
1541228530,1.13885,1.13859,1.13911,0
1541228590,1.13885,1.13859,1.13911,0
1541228650,1.13885,1.13859,1.13911,0
1541228710,1.13885,1.13859,1.13911,0
1541228770,1.13885,1.13859,1.13911,0
1541228830,1.13885,1.13859,1.13911,0
1541228890,1.13885,1.13859,1.13911,0
1541228950,1.13885,1.13859,1.13911,0
1541229010,1.13885,1.13859,1.13911,0
1541229070,1.13885,1.13859,1.13911,0
1541229130,1.13885,1.13859,1.13911,0
1541229190,1.13885,1.13859,1.13911,0
1541229250,1.13885,1.13859,1.13911,0
1541229310,1.13885,1.13859,1.13911,0
1541229370,1.13885,1.13859,1.13911,0
1541229430,1.13885,1.13859,1.13911,0
1541229490,1.13885,1.13859,1.13911,0
1541229550,1.13885,1.13859,1.13911,0
1541229610,1.13885,1.13859,1.13911,0
1541229670,1.13885,1.13859,1.13911,0
1541229730,1.13885,1.13859,1.13911,0
1541229790,1.13885,1.13859,1.13911,0
1541229850,1.13885,1.13859,1.13911,0
1541229910,1.13885,1.13859,1.13911,0
1541229970,1.13885,1.13859,1.13911,0
1541230030,1.13885,1.13859,1.13911,0
1541230090,1.13885,1.13859,1.13911,0
1541230150,1.13885,1.13859,1.13911,0
1541230210,1.13885,1.13859,1.13911,0
1541230270,1.13885,1.13859,1.13911,0
1541230330,1.13885,1.13859,1.13911,0
1541230390,1.13885,1.13859,1.13911,0
1541230453,1.13885,1.13859,1.13911,0
1541230510,1.13885,1.13859,1.13911,0
1541230570,1.13885,1.13859,1.13911,0
1541230630,1.13885,1.13859,1.13911,0
1541230700,1.13885,1.13859,1.13911,0
1541230750,1.13885,1.13859,1.13911,0
1541230810,1.13885,1.13859,1.13911,0
1541230871,1.13885,1.13859,1.13911,0
1541230930,1.13885,1.13859,1.13911,0
1541230990,1.13885,1.13859,1.13911,0
1541231050,1.13885,1.13859,1.13911,0
1541231112,1.13885,1.13859,1.13911,0
1541231170,1.13885,1.13859,1.13911,0
1541231240,1.13885,1.13859,1.13911,0
1541231291,1.13885,1.13859,1.13911,0
1541231350,1.13885,1.13859,1.13911,0
1541231410,1.13885,1.13859,1.13911,0
1541231470,1.13885,1.13859,1.13911,0
1541231530,1.13885,1.13859,1.13911,0
1541231590,1.13885,1.13859,1.13911,0
1541231830,1.13885,1.13859,1.13911,0
1541231890,1.13885,1.13859,1.13911,0
1541231950,1.13885,1.13859,1.13911,0
1541232010,1.13885,1.13859,1.13911,0
1541232070,1.13885,1.13859,1.13911,0
1541232130,1.13885,1.13859,1.13911,0
1541232190,1.13885,1.13859,1.13911,0
1541232250,1.13885,1.13859,1.13911,0
1541232310,1.13885,1.13859,1.13911,0
1541232370,1.13885,1.13859,1.13911,0
1541232430,1.13885,1.13859,1.13911,0
1541232490,1.13885,1.13859,1.13911,0
1541232550,1.13885,1.13859,1.13911,0
1541232610,1.13885,1.13859,1.13911,0
1541232670,1.13885,1.13859,1.13911,0
1541232730,1.13885,1.13859,1.13911,0
1541232790,1.13885,1.13859,1.13911,0
1541232850,1.13885,1.13859,1.13911,0
1541232910,1.13885,1.13859,1.13911,0
1541232971,1.13885,1.13859,1.13911,0
1541233030,1.13885,1.13859,1.13911,0
1541233090,1.13885,1.13859,1.13911,0
1541233150,1.13885,1.13859,1.13911,0
1541233270,1.13885,1.13859,1.13911,0
1541233330,1.13885,1.13859,1.13911,0
1541233390,1.13885,1.13859,1.13911,0
1541233450,1.13885,1.13859,1.13911,0
1541233511,1.13885,1.13859,1.13911,0
1541233570,1.13885,1.13859,1.13911,0
1541233630,1.13885,1.13859,1.13911,0
1541233690,1.13885,1.13859,1.13911,0
1541233750,1.13885,1.13859,1.13911,0
1541233810,1.13885,1.13859,1.13911,0
1541233870,1.13885,1.13859,1.13911,0
1541233930,1.13885,1.13859,1.13911,0
1541233990,1.13885,1.13859,1.13911,0
1541234050,1.13885,1.13859,1.13911,0
1541234110,1.13885,1.13859,1.13911,0
1541234170,1.13885,1.13859,1.13911,0
1541234230,1.13885,1.13859,1.13911,0
1541234290,1.13885,1.13859,1.13911,0
1541234410,1.13885,1.13859,1.13911,0
1541234470,1.13885,1.13859,1.13911,0
1541234530,1.13885,1.13859,1.13911,0
1541234650,1.13885,1.13859,1.13911,0
1541234710,1.13885,1.13859,1.13911,0
1541234770,1.13885,1.13859,1.13911,0
1541234830,1.13885,1.13859,1.13911,0
1541234890,1.13885,1.13859,1.13911,0
1541234950,1.13885,1.13859,1.13911,0
1541235010,1.13885,1.13859,1.13911,0
1541235070,1.13885,1.13859,1.13911,0
1541235130,1.13885,1.13859,1.13911,0
1541235190,1.13885,1.13859,1.13911,0
1541235250,1.13885,1.13859,1.13911,0
1541235310,1.13885,1.13859,1.13911,0
1541235370,1.13885,1.13859,1.13911,0
1541235430,1.13885,1.13859,1.13911,0
1541235490,1.13885,1.13859,1.13911,0
1541235550,1.13885,1.13859,1.13911,0
1541235610,1.13885,1.13859,1.13911,0
1541235670,1.13885,1.13859,1.13911,0
1541235730,1.13885,1.13859,1.13911,0
1541235790,1.13885,1.13859,1.13911,0
1541235850,1.13885,1.13859,1.13911,0
1541235910,1.13885,1.13859,1.13911,0
1541235970,1.13885,1.13859,1.13911,0
1541236030,1.13885,1.13859,1.13911,0
1541236090,1.13885,1.13859,1.13911,0
1541236150,1.13885,1.13859,1.13911,0
1541236210,1.13885,1.13859,1.13911,0
1541236270,1.13885,1.13859,1.13911,0
1541236330,1.13885,1.13859,1.13911,0
1541236570,1.13885,1.13859,1.13911,0
1541236630,1.13885,1.13859,1.13911,0
1541236690,1.13885,1.13859,1.13911,0
1541236750,1.13885,1.13859,1.13911,0
1541236812,1.13885,1.13859,1.13911,0
1541236870,1.13885,1.13859,1.13911,0
1541236930,1.13885,1.13859,1.13911,0
1541236990,1.13885,1.13859,1.13911,0
1541237050,1.13885,1.13859,1.13911,0
1541237110,1.13885,1.13859,1.13911,0
1541237170,1.13885,1.13859,1.13911,0
1541237230,1.13885,1.13859,1.13911,0
1541237290,1.13885,1.13859,1.13911,0
1541237350,1.13885,1.13859,1.13911,0
1541237410,1.13885,1.13859,1.13911,0
1541237470,1.13885,1.13859,1.13911,0
1541237530,1.13885,1.13859,1.13911,0
1541237590,1.13885,1.13859,1.13911,0
1541237650,1.13885,1.13859,1.13911,0
1541237710,1.13885,1.13859,1.13911,0
1541237770,1.13885,1.13859,1.13911,0
1541237830,1.13885,1.13859,1.13911,0
1541237890,1.13885,1.13859,1.13911,0
1541237952,1.13885,1.13859,1.13911,0
1541238013,1.13885,1.13859,1.13911,0
1541238070,1.13885,1.13859,1.13911,0
1541238130,1.13885,1.13859,1.13911,0
1541238190,1.13885,1.13859,1.13911,0
1541238250,1.13885,1.13859,1.13911,0
1541238312,1.13885,1.13859,1.13911,0
1541238373,1.13885,1.13859,1.13911,0
1541238430,1.13885,1.13859,1.13911,0
1541238916,1.13885,1.13859,1.13911,0
1541238970,1.13885,1.13859,1.13911,0
1541239030,1.13885,1.13859,1.13911,0
1541239090,1.13885,1.13859,1.13911,0
1541239150,1.13885,1.13859,1.13911,0
1541239210,1.13885,1.13859,1.13911,0
1541239271,1.13885,1.13859,1.13911,0
1541239330,1.13885,1.13859,1.13911,0
1541239390,1.13885,1.13859,1.13911,0
1541239450,1.13885,1.13859,1.13911,0
1541239510,1.13885,1.13859,1.13911,0
1541239570,1.13885,1.13859,1.13911,0
1541239630,1.13885,1.13859,1.13911,0
1541239690,1.13885,1.13859,1.13911,0
1541239750,1.13885,1.13859,1.13911,0
1541239810,1.13885,1.13859,1.13911,0
1541239870,1.13885,1.13859,1.13911,0
1541239930,1.13885,1.13859,1.13911,0
1541239990,1.13885,1.13859,1.13911,0
1541240050,1.13885,1.13859,1.13911,0
